101 Entry 3.1059546410345265 9.582458514558466
102 Reception Room New Patient 3.101971368605091 8.335484266239199
103 Reception Room Hygiene Patient 4.058589739399572 9.549055004712375
104 Business Office 4.083963804183468 8.376195320093792
105 Consult 4.088575299662929 7.36892104112956
106 Operatory 1 3.0877040109942038 7.341331593572995
107 Operatory 2 3.606875925371724 6.498073806562467
108 Operatory 3 4.078746003181704 5.698619468366885
109 Operatory 4 3.0728651300245717 5.69909949797314
110 Operatory 5 3.07663232421875 4.680293150348531
111 Operatory 6 3.5819509316721274 4.674869951608863
112 Operatory 7 4.089235446068549 4.698776980268123
113 Operatory 8 4.1073593259724035 3.941183854037268
114 Operatory 9 4.273599127667632 2.9579481186929133
115 Operatory 10 4.532180863165745 2.69239012123656
116 Darkroom 5.085192038129969 2.7024481896807098
117 Lab 4.795914608517706 3.335024113651368
118 X-ray 5.063019961071571 3.946755946072646
119 Central Tray Prep 4.509685370548413 3.9546898426974666
120 Elev. Equip 4.49548692849884 4.83682731311768
121 Storage 4.705113469187078 6.835962558258372
122 Women's 4.996487533318435 7.713905569551939
123 Men's 5.068874992663146 5.982684776926471
124 Stairs 5.173814042530261 7.1355749147280285
125 Nit. 2 5.080165768121614 9.501344321814619
126 Nit. 1 4.530760508575158 9.572190569698968
127 Store 1 4.772678087566243 8.880946000288992
128 Store 2 5.096802040443695 8.838368903844996
129 Break Room 4.554864084797501 8.515834368590264
