101 Entry 3.1059546410345265 9.582458514558466
102 Reception_Room_New_Patient 3.1013387904972136 8.456198073615884
103 Reception_Room_Hygiene_Patient 3.730413310767992 9.592910639810627
104 Business_Office 3.7270347648292717 8.447891200033446
105 Consult 4.088575299662929 7.36892104112956
106 Operatory_1 3.0877040109942038 7.341331593572995
107 Operatory_2 3.5330613417996855 6.526798354684357
108 Operatory_3 4.078746003181704 5.698619468366885
109 Operatory_4 3.0728651300245717 5.69909949797314
110 Operatory_5 3.2094375456520297 4.706885099051265
111 Operatory_6 3.5819509316721274 4.674869951608863
112 Operatory_7 4.089235446068549 4.698776980268123
113 Operatory_8 4.1073593259724035 3.941183854037268
114 Operatory_9 4.273599127667632 2.9579481186929133
115 Operatory_10 4.532180863165745 2.69239012123656
116 Darkroom 5.085192038129969 2.7024481896807098
117 Lab 4.795914608517706 3.335024113651368
118 X-ray 5.063019961071571 3.946755946072646
119 Central_Tray_Prep 4.509685370548413 3.9546898426974666
120 Elev._Equip 4.49548692849884 4.83682731311768
121 Storage 4.705113469187078 6.835962558258372
122 Women's 4.996487533318435 7.713905569551939
123 Men's 5.004688883516545 5.884069758248222
124 Stairs 5.087748793018656 6.876280871435067
125 Nit._2 5.080165768121614 9.501344321814619
126 Nit._1 4.530760508575158 9.572190569698968
127 Store_1 4.772678087566243 8.880946000288992
128 Store_2 5.082766529365502 8.441670438604227
129 Break_Room 4.554864084797501 8.515834368590264
